[[105  90 106  93 124 113 108 110 106 113 118 104 116 104 108 122 123  88
  117  89 108 109 106 113 119 102 132 123 106 105  98 119 106 111 118 107
  115 120 125 111 120 116 113  97  98  91 107 100 125 122  89 122 119  96
  104 119 121 109 106  81  87 100 108 131  96 124 115 108 112  99 110  99
  113  99 114 101 104 120  95  99  89 107 112 113 122 126 134 104  84 140
  121 113 114 108 134 119 105  96  88 119  96 123 122  95 113 112 101 115
   96  97 126 112 121 127 112 112 115 128 115 101 106 103 120 111 113  96
  116 116]]
[[105  90 107  93 123 113 108 110 106 113 118 104 116 104 108 122 124  88
  117  90 108 109 105 113 118 102 132 123 107 105  99 119 106 110 117 107
  115 120 125 111 120 116 113  97  98  91 107 100 125 122  90 122 119  96
  103 119 121 109 106  81  87 100 109 131  95 125 115 108 112  99 110  99
  113  99 113 101 104 119  95  99  89 107 112 113 122 127 134 105  84 141
  121 113 114 108 134 120 105  96  87 119  96 124 122  95 112 112 101 115
   95  97 126 112 121 127 112 112 115 128 115 100 106 103 120 111 114  96
  116 116]]
ryan:
[[105  90 107  93 123 113 108 110 106 113 118 104 116 104 108 122 123  88
  118  89 107 110 105 114 119 103 132 123 107 105  98 119 106 111 117 107
  115 120 124 111 119 116 113  97  98  91 107 100 125 122  90 122 119  96
  104 119 121 109 106  81  87 100 108 132  96 125 115 108 112  99 110  98
  113  99 114 101 104 120  95  99  89 106 112 114 122 126 134 105  84 140
  120 113 115 108 135 120 105  96  88 120  96 123 122  95 113 112 101 115
   95  97 127 111 120 127 112 112 114 128 115 101 106 102 119 111 113  96
  116 116]]
 
 [[105  89 107  93 123 113 107 110 107 113 118 104 116 104 108 122 124  87
  118  90 107 110 106 114 119 103 132 123 107 105  99 119 106 111 117 107
  114 120 124 111 120 116 113  96  98  91 107 100 125 122  90 121 118  95
  103 119 121 108 105  81  87 100 109 131  95 124 115 108 112  99 110  98
  114  99 114 101 104 120  95  99  89 106 112 114 122 126 134 104  85 140
  121 112 115 108 135 120 104  96  87 119  96 123 122  96 113 112 101 115
   95  96 127 111 120 127 112 112 114 128 114 100 106 102 119 111 113  96
  116 116]]
