1.2005641154667763
4.6542768750027745
4.744215507958484
4.905871179335545
5.533265788584938
5.537385867355291
5.480128461415846
5.482879335722932
5.421841431034884
5.414443407418308
5.34697899735475
5.1275110024449875
5.089983265192693
5.4741705483823395
6.398457403152927
6.2463945100048255
6.118257312858933
6.078727878527008
4.878498824662432
5.567677422009714
4.90321585094556
5.36509004485934
5.0015788293767205
5.17263560843742
5.4739490753429125
5.514213781905908
5.703688090436476
5.910892079781394
5.912416867069069
5.1789842814278835
5.20823870233112
5.087489007623403
5.31312616936674
5.4072258713266335
5.647890206724192
5.439963061774254
5.208639704740959
5.500113429978297
5.562626738194863
5.501065639455809
5.269636579733597
5.751743979550837
4.913117682544703
5.305122347947291
5.639893234366701
5.838705276726776
5.779109084145115
5.783994362600099
5.332512875801122
5.624608089515171
5.559692104987587
5.616022580290983
5.507299202983233
5.3012735279099275
5.544940641442585
5.441671045376407
4.9846324248586065
5.254163315720509
5.881286273366042
5.878228306509028
5.914401101008505
5.6627900383162455
5.0976480082450975
5.613587269296144
5.674580829857442
5.603537694887176
5.33869625096418
5.489100462626699
5.548865237436912
5.320027042144904
5.430700786708306
4.984508026449015
5.0023841299714595
5.434380785919832
5.412305456947934
5.441134538321933
5.450510379779734
5.5450872554204125
5.354432916779965
4.932925775080063
5.555641799664355
5.883885158926332
5.919425995602386
5.3460930081383715
4.900076755295473
5.022162246949383
4.694739787666288
5.498865957485861
5.6201764988061
5.673774829420327
5.82304447905994
5.056083013081697
5.209532480211049
5.200844176939883
5.3232815131543045
5.298835705045279
5.675379379866989
4.371794484266745
5.516875628067997
5.691559895458752
