0.5424496201187923
4.861191403941058
5.016888008545076
4.994449822753941
4.998235133592403
5.192898353349015
5.1776736721908465
4.877869058362718
5.160226078783092
5.152150627450595
4.11838972224977
4.995526505099975
5.195246087435823
5.191702789750039
5.052118327116008
5.060780466851515
5.074096521822236
5.041885244719267
4.912306344543917
4.82279635223409
4.911604551980308
4.924545093775611
4.873085878137533
4.264805499715802
4.4086665958920594
4.853827522239311
4.845377355221053
4.571438536373763
5.02411736944111
5.027447586604513
5.007950769465893
5.0134519071012775
4.990028993369715
5.018388656439978
5.045433275552834
5.056180533789811
5.063694828862176
5.09979256996812
5.093308625574231
4.97447003318445
5.026031855590546
5.020779541028191
5.023942850503616
5.244636953379382
3.9371343231464
3.5916010237975557
3.2977691744616746
3.4029235111666054
3.436393637643234
3.4113317299989183
3.373750519820755
3.227340999187452
3.4271445473620905
3.400412981599051
3.0101198434621477
3.514945817274614
3.4898092309330777
3.399101256538987
3.302159553445602
3.1527562819415182
3.401419507194851
3.4258960674478516
3.207829166797321
3.434317100251209
3.1747227428100846
3.5096957312674992
3.4264222216049918
3.1137652002197442
3.595424866295721
3.446797110619869
3.6086025464872877
3.6057980882230307
3.5716661543164725
3.606139105718248
3.583515315555464
3.618864704476489
3.487757561041728
3.6192769046639035
3.578647754847121
3.4190763130779565
3.5513739196993828
3.614822628838747
3.524551164891494
3.507207064076728
3.4630184036922977
3.498235579164571
3.3858699820063016
3.428326682610963
3.4389378600927643
3.5809728714435125
3.479055431088756
3.2682030938928617
3.5091172708174545
3.5196178881641496
3.1322304359936943
3.502196437771215
3.491909829671423
3.105658790287708
3.3132142958705524
3.3639985210387056
