0.48206517660247755
2.1766644645580744
2.478333290986883
2.451086429305249
2.3936853290964635
2.3745088847976774
2.5000008940699914
2.205704651574935
2.425701083216221
2.4470566271105354
2.4329629240772204
2.4435467426981465
2.428462247502235
2.4090823979717846
2.4487324320269117
2.4165456272855126
2.447782098987343
2.453815277490948
2.431583481503855
2.3146363927842
2.462798814372214
2.4820437681487033
2.459764304334185
2.4486323622218706
2.4703502884222357
2.4816149562968044
2.4629839289321502
2.4514660680083487
2.449981132891037
2.4737902809618655
2.4557778320343946
2.444408311318352
2.4607369590100503
2.4544628896192053
2.4559662068553614
2.451407323764537
2.458306763194418
2.4680971255872635
2.445683978024259
2.459204727147148
2.4715352106368487
2.4593532498753996
2.443395852703153
2.4625443272821212
2.471334247004741
2.466892282139324
2.462852321190445
2.4624460168096434
2.4565775455567223
2.4620716414440995
2.4480406879931547
2.4770760101296445
2.454965706720172
2.4284734960072627
2.4371885459278544
2.4538827510513372
2.3753332106298934
2.5122648216774652
2.4199015262621635
2.4976323637299083
2.505767507437898
2.4981560013341593
2.494158419315304
2.5046033829400742
2.5124604573736327
2.509909053807736
2.514828558563258
2.5301200603951504
2.5069701749551867
2.5220977233013153
2.5174609938868664
2.5169987115868966
2.518694577272501
2.514193915780009
2.52130328827697
2.5173703369154548
2.517160340014067
2.5131318699425687
2.468885991529639
2.508115503682668
2.4991220339972746
2.5029353950520186
2.4979610991899786
2.488738887079136
2.484790499475412
2.4983271237070723
2.4964995589479986
2.5035957481352726
2.490541793119501
2.4906630657400695
2.476368162141354
2.4863194173163095
2.491414627713761
2.490470809748115
2.507337345738792
2.5101974617363276
2.505917216327311
2.5196659672106723
2.510056253740275
2.5180851932433277
