1.8086791038513184
0.18970513343811035
0.1813812255859375
0.18725371360778809
0.18317317962646484
0.1875619888305664
0.1828145980834961
0.1687614917755127
0.17973995208740234
0.1804661750793457
0.1817183494567871
0.1840672492980957
0.18307876586914062
0.18303823471069336
0.18357229232788086
0.1821749210357666
0.18024682998657227
0.1783308982849121
0.1799604892730713
0.17923378944396973
0.1797482967376709
0.18172454833984375
0.18083453178405762
0.1820509433746338
0.17905831336975098
0.18043208122253418
0.17849206924438477
0.17992258071899414
0.1781628131866455
0.17915558815002441
0.17897272109985352
0.17915892601013184
0.17950987815856934
0.1791975498199463
0.17611384391784668
0.1773374080657959
0.1766347885131836
0.17638754844665527
0.17678380012512207
0.17620110511779785
0.1762394905090332
0.17615008354187012
0.17547035217285156
0.17663335800170898
0.1764066219329834
0.17553138732910156
0.17642498016357422
0.17546820640563965
0.17587709426879883
0.17573904991149902
0.1760401725769043
0.1758887767791748
0.17686748504638672
0.17616868019104004
0.17621088027954102
0.1783914566040039
0.19799137115478516
0.19674420356750488
0.1990954875946045
0.1764218807220459
0.17690062522888184
0.17780017852783203
0.1769578456878662
0.17735838890075684
0.1775205135345459
0.17876267433166504
0.17851591110229492
0.1784062385559082
0.1788640022277832
0.17829585075378418
0.17892670631408691
0.17842698097229004
0.18652796745300293
0.1845707893371582
0.1839582920074463
0.17841720581054688
0.17705774307250977
0.17642498016357422
0.1781461238861084
0.1769886016845703
0.17699193954467773
0.17727088928222656
0.17703819274902344
0.17739319801330566
0.17733263969421387
0.17766118049621582
0.17760252952575684
0.17647671699523926
0.17803525924682617
0.17859816551208496
0.1781630516052246
0.17797636985778809
0.1774425506591797
0.17880654335021973
0.17798709869384766
0.17877602577209473
0.1786191463470459
0.17863178253173828
0.1785881519317627
0.17709803581237793
