1.64567762358461
33.469553213051704
6.933043292841168
34.73054725214669
5.9593503443356886
25.33312395056956
43.238910136799895
5.345547929929203
27.737904399121764
37.54333640651993
7.842649778331248
39.337703872522816
21.414369154106932
22.768278714776596
16.062622069377532
30.904779799140858
6.703292909791788
38.38512295344517
41.15855788667988
7.922899941442037
27.818852306794366
42.481708058177695
5.871036917383113
27.156387180317253
25.342460952841304
38.39847662293671
9.733641519767561
19.320309729010148
37.144360116543716
9.672831092876894
36.833497260081494
45.99067972236538
4.871286116795544
25.36943911836399
44.25585076075717
9.432269787440744
14.23409555225238
41.57716098334655
10.107121944166657
33.02679590856477
32.45737279938093
40.26016509886735
41.17310297437911
35.68102084219481
55.222361197056074
44.12595078535133
46.664560201152625
35.37288107004908
17.557029000066976
15.49365928979613
14.72109168251918
13.878038289227266
16.750883610963566
15.360093750572208
6.287105323116403
13.278114226560001
15.198625917685511
15.205568445475638
14.865458566512258
13.548281230820914
14.496759721698977
13.292547965696683
15.785566699911556
15.136591157609068
15.407150544941612
14.770912497314734
9.556726705173338
14.779708796707402
13.719294917294414
14.427843651211349
13.864138644559695
12.417302437392497
14.557085739671257
16.455284808015975
16.86064245888657
16.89684566732466
14.820547974247896
12.985461300309597
14.06031350148169
13.035221138277077
12.953018600471266
15.2885402579982
16.378114115239836
13.11933538523134
12.526891740138103
14.104853951023317
13.212029194137232
16.03504975704493
14.434993891211949
6.4108778322593265
15.799421407907426
13.792334201457397
16.36686593722197
13.670510472142732
15.245639096377879
15.011126898175819
15.792936994739835
15.212793198626088
16.913675534210007
11.400136443817491
