4.527368951667309
17.818682345744048
40.039941576852215
16.580635979823217
39.364285647248735
29.212720611792893
18.69419336435435
41.394970589396394
13.50531125328834
39.030215050761655
42.82349097443437
16.469305857684727
42.401827776542184
28.35694437871423
37.45382458521601
31.54228646201513
18.422734659814644
31.036043302279808
39.47988968269656
20.192007548586805
19.994775230013826
39.213395536690946
23.216175974051133
26.058375476832467
45.599182448739974
18.230238966593358
40.51606421823381
45.202112296583685
15.362287840718466
40.57799620757711
34.305587135928285
18.056326144044082
28.67723695635824
45.51506207136036
17.87304833981046
35.461704304302614
39.18482048599109
34.42045053547249
32.25568894049972
37.014879008772084
35.637364691488095
39.05238263719484
27.27044810278016
37.430761679532374
20.481600125009766
32.97849555365104
35.43474110182737
34.48781009233907
24.853220196370057
35.47790193109632
18.435528675410527
30.977134416543574
20.01786873353442
26.298390484610223
21.724715900262087
35.160566686226844
23.93203202118008
32.80233994963477
21.76552640318831
36.5752555024591
24.850716909586446
25.876230018939978
35.638878739729286
27.339773423546742
32.13681290895996
12.793089670191577
30.781623367092322
32.86376707123101
34.270829418157156
30.889985417802066
32.17971459260396
24.120305248690272
32.76339264790889
34.40633280013125
33.67836839569616
22.055434319638643
23.093208534067447
37.35641888882951
28.95339076651204
32.86814512969203
32.20615358626462
11.886831059959814
23.20423111819248
28.103480853629936
36.57653132412446
31.510059349410263
35.27292910604659
36.65068157986718
30.21636925559582
16.545316839182025
28.49139681957436
27.46221436521967
37.4718936497159
37.750472521736
21.893453319274656
32.73833088763308
19.177380195783478
30.484962132775138
27.320006513597136
22.71218159764339
