1.1768850050071509
5.872467209534157
6.161977448855915
5.875873121720102
6.1130586105677995
6.3107163061664195
6.2758260552095
5.9130503432816885
5.849021398838369
6.219339647121799
5.889850643988968
6.406324603299461
6.1339155792210756
5.109677104969818
5.619438579191631
6.226615143206222
5.992333683360836
5.981148057622487
6.026896344608876
6.009754755586632
5.868112742423352
6.114627098926155
6.142071605448094
5.642199625763908
6.2265042212163815
5.567204454502618
5.796159666130024
5.013937353038568
4.7233046772417175
4.609535574045601
4.464675839487696
4.448703085971267
4.467010525575882
4.286725808429745
4.38219499249836
3.9001869982732185
4.448665338032695
4.215940205132741
4.1224942722713065
3.8028431309437782
4.261404068462003
4.251947654350023
4.5046713514430765
4.1973092734397826
4.515077694829136
4.478204235728227
4.440362232766524
4.353493856351343
4.394633361797541
3.9134403029010913
4.372022335933355
4.422962305257186
4.606710548426814
4.469581025797865
4.071614053719277
4.17543520829372
4.127297327881839
4.379513631475081
4.538332278361168
3.9661549052314653
4.496741331749474
4.39325703823344
4.420575581726239
3.956453863111336
4.110124539310384
4.174869980241974
4.20438611791075
4.274746173492788
4.137471688881523
4.194362721078095
4.447014492569232
3.9588849477000676
4.469328605039724
4.454263740418292
4.512265285616233
4.385558192787461
4.3057010988289015
4.4125393722739235
4.044468572784068
4.429553137583945
4.602055304049384
4.636470259210088
4.62899434275031
3.914221855154425
4.437416751568165
3.8608856380677454
4.3758629287779245
4.381036937382034
4.571857103305145
4.630415007021294
4.63001120438903
4.498858741354751
4.548376952222731
4.625512805808711
4.543248176170798
4.276180018820353
4.293988953556822
4.534559182843873
4.272803954247434
4.430671461107144
