6.743828654210086
42.317550320334966
27.527459834085896
30.141238187632496
31.784902886502625
28.619512261691938
15.52980031916351
15.037282156263108
41.94807376885226
16.282994549435532
16.312568790569422
33.00029111165312
13.520417768035587
29.839529887167227
44.24884744010381
19.706000638965627
29.22615530408607
46.002281302097046
22.762224175919595
46.629801331865835
45.19334540125851
14.089597162129477
26.18445153355849
39.01242651983034
35.100834358497984
41.065068828447785
24.537994863424423
28.17010987830105
14.969178717754714
22.837702891803744
42.8195563178259
24.15447608626796
20.965335226108298
40.25243761996161
15.393635996623482
29.604901324148056
33.45220207047264
34.98547799177559
29.962096480387466
25.908197490904374
38.53358812288696
22.644373059792144
38.832912072142136
32.620443462773856
14.665142217793395
33.56490425012604
42.01151877560424
13.650400630072966
14.511254575522942
16.86688033586546
10.71977263665825
18.027223690714116
16.256047129042884
13.952735788801363
16.841483099507723
15.822725883786465
9.63673918587633
13.158187978416363
17.172457276680067
15.472968536150779
12.996244562051485
11.920648454463809
12.271402448836291
10.856369307225407
13.916025494275068
17.30923257234355
13.581491135756496
18.022343680176
9.231824374740002
14.855560159949563
15.29283250566968
14.558449988025034
17.348035768941244
14.118195129340087
15.801504688494822
10.337672836615484
17.091564045932795
13.456350237570462
10.955762198307387
17.572328730392815
8.786348420289674
14.914353580394415
14.030259544333946
16.41323607676173
15.477936129541748
14.443991404485095
11.52990851513019
11.524016243453987
9.775793031115255
17.73115197632636
9.903437854174538
16.875838399607304
10.3168727923886
11.729300431776997
10.953587732035224
16.220966612910086
8.533663207195916
12.1917163960015
10.92975392897999
12.31366147811944
